1590
1128
850
1076
1403
1692
248
2501
2206
283
1499
301
1310
1291
2070
2213
2283
1146
1452
2484
576
1768
2023
2226
2036
245
1827
397
763
73
2390
2523
146
2445
810
789
1356
2506
294
1605
218
1420
1955
2063
2146
750
307
91
1337
1569
1680
113
2111
1086
244
2683
497
1049
1384
2423
813
2633
2092
1712
250
2007
433
882
1421
1675
1938
1425
28
1978
2054
321
2350
1767
1573
2099
1215
2603
197
233
1872
1007
1176
571
70
1852
2042
663
1027
954
2302
1793
50
1895
429
2629
936
1160
0
1791
413
1125
1470
1518
649
1445
567
54
1899
1826
1327
607
806
1949
2144
2097
987
1522
2296
142
191
546
2397
1662
824
1302
19
689
1588
1627
1344
1926
211
2178
2503
15
1498
985
2659
2247
1570
2161
1461
2060
1606
302
1355
2151
427
2051
1348
232
2094
1307
2243
2413
1528
875
434
2400
11
1661
690
129
1474
288
2593
953
2676
1349
1328
2304
1149
1467
20
873
488
279
794
310
1141
2004
815
2441
360
426
289
1885
2008
1781
1043
967
2495
2667
1538
1909
1001
2696
345
2582
2425
1871
1330
353
1009
2674
1121
138
30
539
2664
1406
839
1819
410
2175
414
417
1000
341
2615
467
1494
725
2537
1629
1111
2527
1974
2553
415
774
171
1967
2125
469
796
44
957
2705
1108
1030
1900
1131
1601
1444
1316
2281
2010
537
2338
808
523
1074
143
722
2081
1722
396
879
848
2315
2685
2041
1770
1137
2387
170
175
2191
2638
1177
49
1017
677
889
2628
463
1945
510
626
1326
714
2552
2115
1950
475
1315
1613
667
870
1916
2299
198
989
2301
1218
453
2025
2219
1282
1771
2619
2570
2611
1539
483
669
2312
363
2624
695
631
1805
314
1963
593
2408
2488
1294
2332
2476
97
1314
1032
2456
738
1201
508
1345
1380
208
1994
1860
416
1657
1109
1198
379
719
1039
2128
2321
2295
554
2536
407
702
229
428
642
126
798
2564
114
2542
1695
331
1705
1250
2607
1716
1851
2460
1135
852
1313
881
2064
580
964
1234
42
1455
622
884
674
458
1264
1554
1534
354
2232
1752
1870
800
913
1728
2196
2250
684
435
2
101
375
474
753
1272
2511
1458
317
2704
1217
1818
1589
74
153
2594
1195
298
1367
2037
860
217
2419
971
837
1436
655
999
277
1256
496
214
2491
2626
1933
2414
1834
2443
220
222
1962
1845
102
1064
1578
2348
1739
319
1550
419
2177
32
2141
2367
2447
1301
1046
1203
2078
843
1876
1143
39
504
996
1253
306
322
297
1505
656
1840
2082
2021
1558
2554
213
2194
868
986
1542
1103
2463
1373
1430
2337
2617
1277
1018
760
1619
2657
1655
299
164
2275
223
268
2541
1556
388
1041
2535
2129
2242
2325
494
517
81
48
2597
1874
1919
1484
5
1829
955
485
688
2221
926
1785
2199
1507
530
2282
1331
2588
946
1980
2498
1641
2373
863
2693
782
1746
1077
551
1274
1816
2310
2039
1935
1275
600
2681
2218
2383
55
704
26
747
425
1544
2409
943
1688
351
261
869
557
2320
612
444
1208
6
2305
1806
1787
929
1756
2119
1707
1318
1150
2389
1913
917
36
816
828
308
239
666
2106
1699
2263
1932
846
2493
37
2248
2533
1464
1116
1247
2077
1299
436
1943
1922
795
823
2641
2029
1954
2132
1526
2602
1743
661
2169
1075
1
241
1254
236
1780
1110
58
157
897
928
2030
1928
60
200
653
2087
1377
547
2671
2515
659
676
671
969
717
2512
1093
1477
1825
818
533
2473
147
2631
329
450
2098
660
1396
430
2035
740
2168
454
2572
262
169
1489
1379
1269
756
1714
833
1392
266
543
2291
118
1175
581
1598
1248
1897
1648
974
473
1777
1407
1415
849
57
2386
1200
589
2294
1583
449
679
718
1986
27
1911
2558
498
2277
553
2450
108
1552
1033
1713
2019
1069
920
2015
2462
1107
2273
2417
1548
215
2190
1720
1623
1457
373
1508
890
2364
975
2640
2698
599
41
348
1551
1374
1575
1453
1159
1322
1339
1319
1604
701
190
502
1432
841
2539
1667
151
1960
2469
2580
1340
1006
1861
1354
8
144
1087
2559
21
1763
1560
2142
2480
548
2284
1672
1015
409
2104
1163
2249
2410
516
1174
346
1762
2528
68
2388
1002
69
1418
2112
775
951
253
1287
945
1585
1842
1259
14
440
2497
706
1276
1875
2571
405
602
1769
2529
1983
792
1246
1249
2075
982
2331
623
569
1199
509
2072
1995
1042
1126
1225
1701
2278
1138
1669
246
2334
1628
1530
1391
2183
383
231
165
799
1607
2427
296
1794
2143
359
2525
1101
536
418
141
1490
1685
2056
133
1500
2483
1240
587
1285
1365
527
1546
776
994
817
2661
1473
2466
609
291
166
2279
2601
259
788
2648
1308
781
2376
2669
1129
1647
2049
603
625
2233
1416
1266
1136
1898
2139
187
1059
1745
1371
650
447
2327
2451
927
1867
1238
2534
2508
1879
2351
2651
707
919
2298
2105
2699
1934
1214
542
1237
1014
2268
2643
2578
2467
40
2458
2549
973
573
1262
647
2359
86
2018
735
1765
1784
1450
234
121
431
2225
950
111
401
2575
1862
2329
1312
2120
1496
1104
1854
316
694
1975
7
1651
2550
192
423
2133
562
2396
2574
1941
10
66
1828
888
832
918
2636
2405
664
2297
1013
1338
1153
1971
1503
645
935
224
2180
1044
1056
1359
1766
338
312
2625
342
556
1610
1600
2392
339
1413
2209
2687
2207
181
608
845
1717
442
2430
158
596
618
2343
1118
829
564
1376
745
555
2452
1533
2341
1037
1120
280
106
1466
1223
1260
1930
1663
94
797
1512
2429
127
337
1917
1855
2134
2020
1255
1224
404
282
1957
1190
1343
358
1536
93
2561
972
226
641
1863
1222
1211
902
1814
1848
1698
2317
134
2044
2654
1652
95
2518
2560
1654
104
978
1080
2346
2067
2371
1067
2551
2695
72
2069
2691
1300
64
2303
1148
1761
1309
1026
377
2040
2289
1115
842
2604
2080
1501
1809
148
887
541
1711
88
585
2238
347
2666
698
883
1612
2487
1127
826
2079
1515
1773
1653
1426
490
2517
851
2313
1972
479
336
572
672
2287
1197
1434
2065
886
459
1537
367
2308
1401
487
2595
227
333
1451
1140
1165
958
1838
2677
1459
784
1062
2438
2486
1736
876
983
931
907
979
2546
1965
1726
1579
1673
206
2197
1161
583
2057
1016
412
2591
532
616
579
984
1346
2185
145
199
177
998
1853
942
588
22
948
2017
1894
675
1792
1180
2470
1427
503
1412
1772
1908
1130
2689
1571
1070
2472
544
1329
2468
970
1364
2182
1410
1555
1594
2426
1964
2262
1709
2258
1358
1630
2342
1622
563
2598
1850
1991
2095
531
2186
2318
2449
2216
174
2642
601
772
1433
1060
805
1942
125
1668
866
691
947
1868
1179
1778
2138
2130
1449
1990
871
847
2241
309
1873
1545
2246
1243
1187
2265
1660
1804
2252
827
2212
2109
2412
1843
1317
1021
1684
173
880
2045
2330
384
432
1082
1513
962
2009
327
1821
1019
1617
2485
1052
1824
2071
836
856
230
2012
1487
2256
526
2547
1096
1708
62
757
249
916
908
2001
495
1677
2543
1815
183
1252
2319
992
256
1221
2646
934
1681
2679
65
366
188
267
2358
741
570
1700
2198
1293
1184
2514
1478
1162
1687
2363
524
731
71
455
2563
2639
1532
2116
12
1599
651
457
276
991
819
326
1905
1664
17
825
303
1098
265
1242
2127
1055
1025
2131
281
1984
1194
1682
2634
1864
2532
257
1491
1226
1370
1390
1072
1742
2011
1710
51
2416
540
1029
1073
2519
643
184
2391
1273
1193
1939
1738
2189
1797
995
505
1068
1731
89
2033
560
471
2203
391
2656
1666
2204
1592
1624
2516
1172
1057
196
761
63
2322
98
2264
439
2645
123
2434
646
2437
448
1970
1169
492
349
1011
2644
105
340
394
1166
734
977
1144
2521
2608
2136
2668
1611
2562
654
1040
1889
1228
1263
255
1976
605
364
1119
577
963
1020
1890
247
2381
657
2513
1951
2399
1192
2224
2352
1869
451
981
748
1636
590
1749
287
610
1697
1439
2123
2323
204
941
2690
2355
154
712
387
615
2678
733
2637
1755
594
840
1089
2380
1525
1635
2500
906
2269
749
2324
1488
1625
2522
110
2415
652
1171
1924
822
1516
1559
1360
78
2328
2031
2210
744
2034
100
2002
2088
1152
2101
2482
1099
2531
1336
2424
838
90
1642
518
99
791
2702
2211
1783
155
2068
783
2245
1012
1616
1906
47
1702
374
2569
477
2085
1618
1288
2164
2665
2135
620
1185
1382
1290
305
1987
2166
2609
835
2510
2382
16
2620
1492
807
1435
1751
195
762
2375
2215
2377
529
2292
522
478
759
1786
1520
874
665
1363
323
290
692
1670
903
2121
2548
1480
186
1357
149
2349
1803
900
1640
990
2251
1844
595
2286
38
558
1342
1901
500
2436
2239
1440
1723
2240
237
2006
1880
703
1378
2333
803
2649
1024
1047
2454
2244
2171
1353
1423
1050
160
1438
1595
189
2254
1979
1289
2461
56
1483
1836
408
92
1586
1419
1147
1952
1577
176
1999
670
371
1393
35
2188
2145
552
1239
1311
549
1831
904
1564
1892
1095
295
1741
1631
2267
1633
1398
2499
1634
368
1122
893
185
2584
2614
18
511
2117
1164
754
2474
452
1929
628
2465
1431
1167
2107
1375
422
1802
1216
446
1988
209
715
286
1010
2184
2150
2579
606
1753
1034
1810
1775
629
304
2630
699
1381
2339
1350
1142
203
161
938
240
1587
1740
2663
2489
1028
2163
959
2440
912
1956
1389
1408
1232
356
1035
393
627
1620
468
910
1937
2530
1927
1574
619
328
2110
1324
156
521
512
254
1608
163
2662
2568
1719
481
1485
1568
2153
997
2253
1982
939
1591
1284
1219
1529
2406
1429
443
1658
2459
686
634
1865
61
1341
993
1113
362
1323
1690
235
1112
933
685
1145
482
1581
2475
1181
1270
120
2032
264
2326
2613
723
632
2652
1509
2126
2086
365
2566
489
2616
344
1958
1856
894
2076
1527
1817
1251
1609
421
746
400
1747
1092
1724
2345
411
2420
2157
534
462
466
1643
1022
201
2090
965
515
59
2655
925
219
1209
1691
2479
1936
128
1918
2675
136
1799
921
2586
2173
1733
739
1584
1196
1447
1637
1931
758
1054
2181
476
1347
159
389
857
1884
1094
895
2356
1139
2192
1091
1878
1411
2471
1283
1333
2520
1981
2309
770
1693
210
766
343
2394
2311
1531
137
682
1737
1292
376
724
1157
1428
1887
1117
152
648
2596
614
1565
862
1132
212
1915
2155
765
678
1801
2360
1638
2672
2159
1632
1493
550
207
1644
2227
2237
2577
1615
2444
1582
911
662
949
1790
1671
2344
2573
2395
2509
613
1462
519
499
1798
2583
2272
172
1703
630
809
2453
1476
2606
2200
751
2074
1549
1460
486
687
1656
150
2618
1835
31
67
812
324
1650
1399
406
1795
1297
491
2590
2290
2274
1063
1896
1519
2235
545
2496
1888
1414
2622
82
1486
773
2231
1472
2026
1220
1808
2632
1502
732
1812
960
79
2505
2567
2627
2481
1156
2000
1173
1048
112
1683
1645
2587
1779
1715
1213
2686
131
1088
420
252
398
1800
956
2374
46
2353
2108
638
2176
1409
1475
854
1504
1154
1295
399
1368
793
1233
464
2195
1883
318
2336
2288
334
1764
2576
2223
332
1268
697
617
2260
357
1394
1562
2494
1676
2118
801
313
2524
130
584
2446
2682
2152
566
1626
592
966
2340
1649
1997
1090
1759
1511
1465
2507
1639
273
1212
780
1646
135
1298
858
1729
1912
2091
2703
1891
2600
9
1811
1065
438
352
711
1437
1953
1541
2022
24
968
2193
1325
528
403
2013
1023
1721
168
2370
437
1105
2670
381
2147
1424
1597
1820
238
591
700
877
109
1969
1732
2581
635
2229
1446
278
1992
1696
1846
683
103
1079
1081
705
251
2362
1678
1417
1839
1454
855
2270
1674
2565
385
2502
898
1372
864
2165
132
117
1456
1366
1005
355
1124
2372
52
284
470
2401
624
380
861
2365
1058
1097
1422
1258
1352
726
85
892
525
1100
2526
2556
1362
2307
2100
728
1940
122
1524
2422
382
1882
335
2053
1750
1361
1133
472
905
785
872
520
2016
1497
1441
2140
1071
2230
484
139
13
84
1265
1397
2398
350
2421
2650
424
1008
915
1151
2027
1866
1227
1948
768
1553
2361
1782
221
2261
790
1304
2612
721
1231
1448
1481
1567
2428
2694
119
575
713
2266
2066
598
1158
260
76
1471
275
1686
658
814
1521
2158
2393
1351
1395
1998
2271
2701
2490
1004
2684
1572
1725
2096
1758
1881
821
729
2149
1271
914
83
292
270
1706
804
1947
2038
2205
1183
621
2448
1404
2259
1230
2368
178
461
1748
2285
1061
1921
1886
720
1989
1849
1405
1102
755
2439
1469
1244
2316
708
179
182
445
1830
1202
1280
1718
716
1614
311
2378
274
1334
2047
2162
372
1510
386
1659
162
441
2202
1993
2660
2435
293
1186
1727
1229
1547
1977
2433
2544
1847
2464
909
1966
1893
501
578
1053
1523
1973
1189
779
2589
1305
640
2124
242
460
859
1543
263
899
2160
1083
1387
771
1603
1832
225
1178
1241
1303
2113
285
1679
2385
1561
844
2455
1205
514
1576
865
194
1904
2585
2457
2300
2610
802
1106
1385
1257
2477
1760
395
1822
1468
1944
43
2052
370
369
2050
2402
787
778
1306
582
2276
1857
1735
831
1279
976
1540
561
1267
116
2697
1321
2167
559
2217
1593
2062
1383
2028
1402
1665
2179
565
727
611
2102
107
2354
1833
34
96
2280
2306
937
205
1580
1903
2014
636
4
2137
2647
1281
2379
1078
1204
1774
1388
644
1296
2114
1182
2555
1959
1170
1902
2293
568
1386
2418
944
272
2635
2234
930
2688
940
2059
932
45
2540
2492
737
2170
1734
1754
506
2404
1031
1003
2653
23
1557
320
1463
2545
2154
2432
1858
1823
1985
1051
1910
853
680
315
891
922
1813
2599
53
330
2504
77
2314
300
777
1689
1694
2658
924
811
1563
1744
2700
2003
709
633
2093
361
216
1837
2174
513
202
980
878
2214
1210
1807
1066
1235
1961
3
1914
2222
2411
988
1442
574
1479
2605
830
538
2431
2048
743
769
1278
1482
2055
535
243
180
1923
710
1925
736
2478
673
1730
2557
25
402
392
2369
1602
867
507
1566
693
1920
33
1332
730
2347
1188
2366
2187
480
2357
1789
2623
2621
1535
1517
2592
1245
1859
2148
378
1776
2255
2156
961
2228
952
456
1085
1968
752
637
269
29
742
1207
1084
1495
167
1155
1621
1036
1443
1946
1796
493
1514
1236
2058
2122
1206
696
2236
2005
2680
1757
1841
1369
1335
668
1045
2335
2024
75
885
2442
115
1506
1907
2046
1168
2172
2043
193
2692
597
2673
1596
271
1320
80
2089
1134
2257
2220
465
1996
124
140
923
2403
639
1123
2083
1286
1400
681
87
767
1788
2201
1261
2407
764
2103
1114
786
228
604
1877
325
1191
2384
258
390
586
820
2073
1704
896
1038
2208
2084
2538
901
2061
834